V1=[-0.5000,0];
V2=[0.2000,0];
V3=[0,0.2500];
V4=[0,-0.333];

V1a=[-0.1538,0];
V2a=[0.1538,0];
V3a=[0,0.1538];
V4a=[0,-0.1538];

value=abs((V1(1)-V1a(1))+(V1(2)-V1a(2)))+abs((V2(1)-V2a(1))+(V2(2)-V2a(2)))+abs((V3(1)-V3a(1))+(V3(2)-V3a(2)))+abs((V4(1)-V4a(1))+(V4(2)-V4a(2)));

